울산광역시 중구 학성동|10635|11409.7|1166330|1730300|1165808 1730702;1165865 1730681;1165930 1730659;1165965 1730719;1165968 1730728;1165968 1730730;1165968 1730739;1165963 1730837;1165960 1730953;1165964 1730974;1165966 1730981;1165970 1730982;1165989 1730986;1166383 1730804;1166729 1730514;1166858 1730454;1166834 1730169;1166812 1729911;1166733 1729704;1166660 1729711;1165990 1729981;1166021 1730355;1165699 1730585;1165808 1730702
울산광역시 중구 반구1동|16124|14495.1|1167274|1730309|1167965 1730983;1167869 1730873;1167778 1730829;1167701 1730795;1167665 1730767;1167628 1730722;1167703 1730401;1167726 1730287;1167733 1730239;1167526 1729775;1167519 1729711;1167415 1729746;1167358 1729758;1167208 1729733;1167048 1729699;1167011 1729681;1166805 1729683;1166812 1729911;1166858 1730454;1166603 1730526;1166959 1730752;1167098 1730807;1167847 1730980;1167965 1730983
울산광역시 중구 반구2동|8310|16388.6|1166691|1731120|1166993 1731796;1166964 1731659;1166961 1731644;1166899 1731144;1166899 1731139;1166899 1731138;1166901 1731130;1166906 1731120;1166997 1730965;1166998 1730964;1167017 1730933;1167083 1730833;1166931 1730734;1166689 1730600;1166603 1730526;1166383 1730804;1166423 1730928;1166327 1731217;1166366 1731373;1166390 1731378;1166700 1731589;1166756 1731632;1166986 1731818;1166993 1731796
울산광역시 중구 복산1동|||1165480|1731270|1165412 1732164;1165441 1732086;1165439 1732063;1165439 1731975;1165466 1731861;1165518 1731739;1165924 1731057;1165976 1730984;1165964 1730974;1165963 1730837;1165968 1730731;1165965 1730719;1165865 1730681;1165338 1730654;1165278 1730638;1165198 1730753;1165199 1730763;1165204 1730778;1165205 1730817;1165145 1731134;1165132 1731131;1165159 1732006;1165329 1732153;1165412 1732164
울산광역시 중구 복산2동|||1165971|1731593|1165658 1731921;1165963 1731911;1166118 1732051;1166141 1732069;1166158 1732067;1166162 1732065;1166169 1732062;1166176 1732056;1166185 1732044;1166191 1732024;1166208 1731924;1166214 1731871;1166211 1731791;1166172 1731731;1166300 1731461;1166423 1730928;1165967 1730999;1165700 1731387;1165491 1731799;1165466 1731861;1165439 1731975;1165439 1732063;1165440 1732081;1165658 1731921
울산광역시 중구 우정동|16892|11297|1164065|1731138|1163586 1732287;1163798 1732189;1163903 1732195;1164325 1731848;1164367 1731180;1164401 1731170;1164324 1731136;1164654 1730396;1164712 1730374;1164472 1730102;1164447 1730087;1164366 1730068;1164236 1730047;1164071 1730073;1163934 1730114;1163953 1730144;1163983 1730439;1163886 1730446;1163820 1730451;1163707 1730606;1163731 1730989;1163785 1731033;1163764 1731253;1163586 1732287
울산광역시 중구 태화동|31022|5506.6|1162905|1731140|1162334 1732807;1163019 1732331;1163601 1731850;1163689 1730993;1163886 1730446;1163935 1730117;1163782 1730047;1163666 1730034;1163584 1729993;1163433 1729671;1163451 1729486;1163419 1729326;1162790 1729142;1162458 1729262;1162244 1729452;1162619 1730179;1162333 1730480;1162234 1730704;1162327 1730756;1162287 1730967;1161664 1731133;1161373 1731839;1161690 1732714;1162334 1732807
울산광역시 중구 다운동|21362|2413|1160601|1731840|1159001 1734022;1160052 1733656;1160377 1733810;1161495 1733054;1161359 1732142;1161650 1731125;1162275 1730978;1162327 1730756;1162228 1730614;1162478 1730524;1162351 1729696;1162110 1729651;1161370 1730032;1160868 1730130;1160721 1730072;1160475 1730057;1160174 1730251;1159998 1730479;1159668 1730883;1159492 1730918;1159458 1732341;1158997 1733185;1158837 1733902;1159001 1734022
울산광역시 중구 병영1동|20501|14129.4|1167431|1731682|1166966 1732741;1166942 1732495;1167156 1732235;1167450 1732144;1167596 1732213;1167849 1732335;1167829 1731833;1167850 1731728;1167896 1731611;1167995 1731207;1167883 1730981;1167330 1730959;1167017 1730933;1166901 1731130;1166961 1731644;1166845 1731873;1166806 1731891;1166754 1731985;1166724 1732091;1166669 1732343;1166725 1732603;1166750 1732634;1166768 1732661;1166966 1732741
울산광역시 중구 병영2동|19514|4818.5|1166646|1733833|1165946 1735061;1166017 1734710;1166257 1734641;1166613 1734857;1167096 1734906;1167479 1734095;1167507 1733311;1167776 1732329;1167383 1732142;1166921 1732621;1166761 1732649;1166618 1732513;1166606 1732743;1166661 1732886;1166607 1733051;1166558 1733072;1166510 1733111;1166170 1733534;1165893 1733513;1165738 1733611;1165404 1734755;1165086 1734963;1165229 1735150;1165946 1735061
울산광역시 중구 약사동|10272|3750.2|1165998|1733039|1165413 1734660;1165776 1733569;1165900 1733512;1166206 1733501;1166527 1733095;1166574 1733064;1166654 1733043;1166642 1732815;1166525 1732651;1166724 1732101;1166806 1731891;1166366 1731373;1166212 1731807;1166189 1732030;1166165 1732064;1166137 1732068;1165459 1732147;1165392 1733163;1164954 1734081;1164710 1734384;1164716 1734632;1165062 1734791;1165136 1734981;1165413 1734660
울산광역시 중구 성안동|20264|2866.3|1164011|1733086|1164954 1734081;1165250 1733512;1165692 1732363;1165329 1732153;1165132 1731131;1164271 1731662;1163747 1732209;1163133 1732225;1162851 1732508;1162381 1733277;1162488 1733741;1162282 1734060;1162296 1734436;1162633 1734431;1162719 1734552;1163021 1734628;1163528 1734460;1163608 1734188;1164005 1734083;1164147 1734251;1164638 1734655;1164683 1734483;1164733 1734364;1164954 1734081
울산광역시 중구 중앙동|11221|6803.4|1165116|1730353|1163934 1730114;1163934 1730114;1163935 1730117;1163934 1730114
울산광역시 남구 신정1동|17815|11630.3|1163594|1729022|1164088 1729175;1164287 1728395;1163730 1728211;1163585 1728430;1163066 1728664;1162651 1728939;1162688 1729170;1162790 1729142;1163126 1729189;1163320 1729248;1163444 1729361;1163455 1729448;1163448 1729505;1163438 1729590;1163429 1729773;1163444 1729871;1163584 1729993;1163630 1730021;1163666 1730034;1163733 1730044;1163777 1730047;1163812 1730041;1163929 1729993;1164088 1729175
울산광역시 남구 신정2동|23987|8295.3|1163538|1727353|1163040 1728658;1163679 1728373;1164044 1728315;1164246 1727882;1163983 1727532;1164342 1726749;1164253 1726417;1164025 1726186;1163748 1726251;1163662 1726214;1163520 1726137;1163179 1726472;1162895 1726907;1162841 1726789;1162383 1727034;1162723 1727299;1162781 1727281;1163070 1727531;1162887 1727807;1162884 1727808;1162848 1727817;1162844 1727836;1162952 1727923;1163040 1728658
울산광역시 남구 신정3동|15536|15179.6|1164442|1729212|1164805 1729257;1165021 1728651;1164343 1728420;1164088 1729175;1163995 1729445;1163925 1729821;1163929 1729993;1164070 1729951;1164468 1729822;1164509 1729812;1164640 1729794;1164676 1729789;1164805 1729257
울산광역시 남구 신정4동|19631|20856.9|1164545|1727409|1164561 1727739;1164639 1727769;1164650 1727770;1165193 1727761;1165218 1727758;1165233 1727753;1165253 1727740;1165325 1727672;1165327 1727670;1165332 1727662;1165076 1727314;1164928 1727180;1164375 1726638;1164368 1726638;1164347 1726735;1164336 1726762;1164306 1726830;1163992 1727519;1163956 1727560;1163929 1727585;1164101 1727832;1164246 1727882;1164249 1727883;1164561 1727739
울산광역시 남구 신정5동|8299|13883|1165102|1729386|1165343 1729455;1165355 1729424;1165416 1729259;1165418 1729253;1165449 1729089;1165546 1728829;1165021 1728651;1164805 1729257;1164676 1729789;1165147 1729740;1165343 1729455
울산광역시 남구 달동|26067|20149|1165193|1728265|1165959 1727789;1165760 1727614;1165752 1727610;1165703 1727586;1165699 1727585;1165689 1727584;1165674 1727583;1165393 1727630;1165377 1727635;1165332 1727661;1165329 1727666;1165325 1727672;1165319 1727679;1165242 1727748;1165218 1727758;1165193 1727761;1164650 1727770;1164614 1727764;1164497 1727967;1164343 1728420;1165021 1728651;1165621 1728705;1165784 1728266;1165959 1727789
울산광역시 남구 삼산동|47809|9632.5|1166957|1728880|1166660 1729711;1166965 1729678;1167048 1729699;1167334 1729757;1167415 1729746;1167771 1729571;1168898 1729154;1168889 1728780;1168705 1728668;1168226 1728434;1167819 1728187;1167466 1728015;1166956 1727889;1166386 1727895;1166287 1727930;1166131 1727922;1166039 1727859;1165959 1727789;1165621 1728705;1165416 1729259;1165219 1729732;1165550 1729718;1165941 1729788;1166660 1729711
울산광역시 남구 삼호동|19557|7501|1160954|1729721|1160040 1730409;1160147 1730279;1160296 1730148;1160475 1730057;1160628 1730047;1160747 1730084;1160868 1730130;1161349 1730041;1162023 1729705;1162086 1729668;1162189 1729560;1162244 1729452;1162436 1729273;1162645 1728935;1162208 1728828;1162065 1729089;1161303 1729198;1160742 1729278;1160865 1728821;1160725 1728681;1159980 1728964;1159950 1728986;1159679 1729838;1160040 1730409
울산광역시 남구 무거동|34796|10637.6|1158994|1728757|1159551 1729842;1159912 1729392;1159923 1728891;1160151 1728410;1160129 1728389;1160054 1728394;1159824 1728378;1159775 1728372;1159334 1727941;1159307 1727909;1159116 1727846;1159052 1727759;1158455 1727782;1158292 1728022;1157647 1728054;1157628 1728491;1158380 1728951;1158914 1729668;1158918 1729753;1158910 1729789;1158998 1729974;1159150 1730124;1159340 1730003;1159551 1729842
울산광역시 남구 옥동|24377|2174|1162108|1726843|1161460 1729113;1162558 1728873;1162852 1727877;1162883 1727809;1163027 1727470;1162406 1727135;1162892 1726892;1163413 1726142;1163748 1726251;1164102 1725934;1164035 1724886;1164022 1723867;1163774 1723823;1163010 1724030;1162566 1724754;1162022 1725920;1161460 1726430;1160814 1727120;1159802 1727484;1159724 1728363;1160055 1728390;1160109 1728642;1160865 1728821;1161460 1729113
울산광역시 남구 야음장생포동|8939|644.2|1168709|1726569|1169574 1728591;1169726 1728572;1169909 1728664;1170055 1727497;1170084 1726699;1170653 1726174;1171046 1725400;1171015 1724403;1170909 1724430;1169752 1724386;1168788 1724938;1167175 1725524;1166706 1726054;1165967 1726552;1165979 1726919;1166138 1726863;1166198 1726929;1166292 1727786;1166940 1727876;1167777 1728078;1168624 1728629;1168765 1728698;1169309 1728789;1169574 1728591
울산광역시 남구 대현동|32296|27715.3|1165574|1727157|1166169 1726946;1166181 1726906;1166140 1726863;1166053 1726943;1165979 1726921;1165974 1726817;1165967 1726552;1166189 1726380;1166191 1726366;1166143 1726365;1165279 1726828;1165030 1727041;1165035 1727056;1165332 1727661;1165393 1727630;1165685 1727583;1165703 1727586;1165752 1727610;1165990 1727812;1166125 1727919;1166134 1727923;1166371 1727903;1166284 1727769;1166169 1726946
울산광역시 남구 수암동|15838|28096.9|1164925|1726779|1165076 1727314;1165073 1727153;1165033 1727048;1165030 1727041;1164997 1726926;1165063 1726903;1165372 1726796;1165383 1726600;1165362 1726588;1165355 1726581;1165341 1726559;1165317 1726414;1165328 1726381;1165277 1726339;1165261 1726336;1164891 1726293;1164850 1726303;1164652 1726394;1164626 1726444;1164563 1726519;1164555 1726524;1164351 1726520;1164475 1726746;1165076 1727314
울산광역시 남구 선암동|13590|476.2|1167630|1723284|1171017 1719925;1171001 1719914;1170996 1719908;1170691 1719399;1170648 1719269;1170620 1719149;1170594 1719038;1170578 1718970;1170566 1718920;1170521 1718827;1170528 1718858;1170648 1719362;1170716 1719485;1170862 1719726;1170939 1719851;1171555 1720701;1171581 1720736;1171602 1720721;1171598 1720712;1171594 1720705;1171590 1720700;1171378 1720410;1171164 1720122;1171017 1719925
울산광역시 동구 방어동|41433|6667.6|1173282|1722537|1172832 1720807;1172399 1720620;1172393 1720618;1172390 1720618;1172383 1720635;1172614 1720734;1172790 1720809;1172983 1720891;1172990 1720875;1172923 1720846;1172832 1720807
울산광역시 동구 일산동|5325|2308.7|1175219|1724839|1175221 1724989;1176260 1725050;1176271 1724687;1176167 1724529;1176037 1724536;1175909 1724500;1175667 1724397;1175494 1724347;1175449 1724426;1175238 1724244;1175149 1724046;1175230 1723711;1175370 1723552;1175945 1723757;1175941 1723863;1176417 1723566;1176359 1723447;1176293 1723525;1176080 1723461;1175954 1723113;1175837 1722770;1174829 1724036;1174605 1725042;1175221 1724989
울산광역시 동구 화정동|18749|18086.2|1174194|1723846|1174464 1724186;1174683 1724071;1174722 1724062;1174845 1724032;1174908 1724017;1174925 1724007;1174833 1723533;1174551 1723292;1173916 1723426;1173885 1723301;1173705 1723351;1173285 1723809;1173362 1723816;1173523 1723864;1173632 1723924;1173959 1724152;1174119 1724202;1174146 1724210;1174157 1724213;1174212 1724229;1174216 1724228;1174349 1724206;1174356 1724205;1174464 1724186
울산광역시 동구 대송동|10929|3887.8|1173583|1724990|1172760 1726216;1173166 1726063;1173248 1726088;1173312 1726100;1173737 1725977;1174027 1725825;1174065 1725771;1174240 1725112;1174644 1724356;1174464 1724186;1174334 1724208;1174212 1724229;1174146 1724210;1174086 1724191;1173632 1723924;1173362 1723816;1173190 1724158;1173123 1724214;1172738 1724859;1172792 1725209;1172871 1725224;1172921 1725471;1172853 1725805;1172760 1726216
울산광역시 동구 전하1동|15187|2335.7|1175511|1727204|1176314 1729331;1177015 1729228;1177037 1729216;1177075 1729198;1177081 1729194;1177097 1729180;1177090 1729034;1177062 1728975;1176944 1728688;1176966 1728177;1176966 1728170;1176964 1728146;1176969 1728096;1176985 1728017;1177181 1727302;1176904 1727532;1176446 1726900;1176575 1726421;1175911 1725644;1174053 1725795;1173166 1726063;1175260 1726970;1174883 1728501;1176314 1729331
울산광역시 동구 남목1동|8210|2706.4|1173559|1728635|1174483 1729635;1174640 1729474;1174629 1729483;1174512 1729540;1174692 1729073;1174898 1729071;1174899 1728742;1174809 1728600;1174707 1728692;1174076 1728340;1173137 1727502;1172374 1727602;1172653 1728040;1172844 1728561;1172805 1728674;1172953 1729333;1173292 1729468;1173503 1729645;1173586 1729665;1174077 1729419;1174452 1729593;1174355 1729623;1174467 1729681;1174483 1729635
울산광역시 동구 남목2동|26103|7337.4|1174251|1727428|1175258 1727906;1175286 1727326;1175277 1727157;1175261 1726982;1175248 1726881;1174847 1726676;1173723 1726474;1173171 1726695;1173137 1726731;1173234 1726896;1173237 1726920;1173174 1727062;1173040 1727146;1172848 1727311;1173175 1727574;1174076 1728340;1174683 1728706;1174707 1728692;1174756 1728663;1174809 1728600;1174869 1728520;1175226 1728006;1175253 1727956;1175258 1727906
울산광역시 동구 남목3동|11791|1122.5|1175451|1730465|1176978 1732353;1177086 1732120;1177119 1731984;1177403 1731602;1177439 1731602;1177380 1731396;1177493 1731212;1177385 1731351;1177380 1731193;1177505 1730904;1177486 1730925;1177518 1730861;1177465 1730744;1177471 1730661;1177466 1730463;1177504 1730331;1177325 1730220;1177218 1729964;1177237 1729946;1177246 1729878;1177236 1729755;1177061 1729393;1174481 1729676;1176978 1732353
울산광역시 동구 전하2동|19344|27781.6|1174606|1725519|1174664 1725787;1174687 1725787;1174688 1725787;1174713 1725785;1175083 1725747;1175092 1725746;1175090 1725733;1175046 1725350;1175008 1724969;1174912 1724979;1174663 1725005;1174646 1725007;1174606 1725011;1174601 1725012;1174601 1725012;1174605 1725042;1174608 1725070;1174605 1725074;1174240 1725112;1174069 1725182;1174064 1725657;1174065 1725771;1174664 1725787
울산광역시 북구 농소1동|35741|2345.4|1169103|1738918|1170024 1741722;1170373 1741018;1169989 1739833;1170365 1738698;1170298 1738182;1171278 1738475;1171398 1738053;1170367 1737091;1169930 1736473;1168757 1736186;1168642 1736110;1168119 1736091;1167815 1735827;1167545 1735838;1167561 1736734;1167448 1738344;1167060 1738807;1168132 1740176;1168832 1741615;1169116 1742686;1169473 1742914;1169904 1742807;1169770 1742075;1170024 1741722
울산광역시 북구 농소2동|42437|3879.7|1167570|1741813|1167960 1744162;1168692 1744124;1168940 1743724;1169498 1743165;1169473 1742910;1169113 1742692;1168901 1742094;1168799 1741500;1168132 1740176;1167457 1739032;1166682 1739305;1166539 1739578;1166266 1740184;1166137 1741623;1166029 1741814;1166050 1742129;1166169 1742333;1166315 1742549;1166336 1742715;1166149 1742989;1166797 1743261;1167244 1743801;1167530 1744044;1167960 1744162
울산광역시 북구 농소3동|36140|1162.2|1164895|1737975|1166005 1743057;1166251 1742450;1166002 1741859;1166520 1739704;1167046 1738808;1167682 1737393;1167494 1735455;1166886 1734912;1166257 1734641;1165871 1734839;1165098 1735058;1165013 1734727;1164399 1734482;1163959 1734062;1163401 1734610;1162664 1734488;1162289 1734440;1163004 1736928;1162528 1738182;1162784 1738944;1162624 1740149;1163879 1741955;1165453 1741833;1166005 1743057
울산광역시 북구 강동동|16117|263.3|1173799|1737132|1176954 1733202;1176992 1733195;1177001 1733113;1176994 1733112;1176954 1733202
울산광역시 북구 효문동|29237|1796.6|1169697|1731905|1171187 1734519;1171970 1734278;1171963 1733607;1171874 1732458;1171716 1732116;1170779 1731265;1170744 1731154;1169961 1730922;1169640 1730486;1170502 1729041;1170301 1728603;1170591 1728342;1170339 1728303;1169743 1728573;1169450 1728652;1168996 1729063;1167687 1729745;1167628 1730722;1167792 1730834;1167933 1731524;1167829 1731833;1167952 1732966;1169772 1734188;1171187 1734519
울산광역시 북구 송정동|35784|3324.7|1169579|1735208|1171411 1736540;1171494 1735622;1171490 1735461;1172162 1734546;1171556 1734421;1171084 1734536;1170589 1734104;1168315 1733460;1168180 1733192;1167866 1732892;1167514 1733278;1167444 1734041;1167485 1734302;1167453 1735210;1167739 1735802;1167815 1735827;1167907 1735939;1168590 1736092;1168702 1736143;1168778 1736205;1169927 1736472;1170264 1736849;1170881 1737388;1171411 1736540
울산광역시 북구 양정동|9391|1394.4|1171231|1730214|1172155 1731912;1172384 1731361;1172555 1731071;1172948 1731201;1172797 1730562;1171913 1730116;1171832 1729247;1171585 1728993;1170647 1727929;1170545 1728282;1170590 1728338;1170573 1728379;1170301 1728603;1170411 1729169;1170515 1729047;1169871 1729715;1169642 1730502;1169778 1730777;1169973 1730921;1170540 1731013;1170750 1731194;1170766 1731248;1170886 1731394;1172155 1731912
울산광역시 북구 염포동|10071|1774.3|1172031|1728368|1173466 1730605;1173124 1730160;1172862 1729734;1172776 1728700;1172848 1728505;1172374 1727602;1173080 1727145;1173226 1726825;1173053 1726132;1172787 1726386;1171952 1726749;1171911 1726754;1171743 1726748;1171685 1726763;1171604 1726807;1171555 1726854;1171314 1727223;1171147 1727355;1171050 1727445;1170947 1728245;1171808 1729222;1171960 1729598;1172631 1730541;1173466 1730605
울산광역시 울주군 온산읍|24417|595.4|1166342|1716833|1170475 1717170;1170435 1716174;1170433 1716162;1170431 1716155;1170427 1716152;1170420 1716151;1170410 1716152;1170401 1716154;1170397 1716157;1170393 1716162;1170393 1716176;1170395 1716193;1170396 1716195;1170412 1716343;1170464 1717560;1170467 1717628;1170707 1718222;1170713 1718231;1170715 1718231;1170731 1718224;1170737 1718221;1170694 1718116;1170483 1717452;1170475 1717170
울산광역시 울주군 언양읍|31333|458.1|1150389|1733355|1154208 1739022;1155441 1737113;1154559 1735413;1154202 1733712;1153140 1732444;1154773 1731379;1154527 1728454;1152523 1728830;1152244 1728166;1149363 1728104;1148690 1728878;1148768 1729896;1146660 1731001;1145619 1731668;1146826 1733658;1145741 1735729;1144140 1737610;1146359 1737936;1148696 1736273;1149439 1735856;1150162 1736016;1151274 1736085;1153105 1737708;1154208 1739022
울산광역시 울주군 온양읍|27784|431.4|1159404|1714908|1161996 1719839;1163264 1718777;1163136 1718266;1162439 1717672;1163415 1715459;1164227 1715294;1164575 1714892;1164369 1714186;1164333 1713539;1163123 1710821;1161354 1711135;1160752 1712457;1159718 1711256;1159027 1711301;1157691 1710945;1155753 1710765;1154838 1712254;1156005 1714222;1154345 1715594;1155590 1717804;1156250 1718298;1158236 1718606;1159877 1718882;1161996 1719839
울산광역시 울주군 범서읍|65700|858.2|1158219|1734843|1160206 1740883;1162069 1740539;1162761 1738971;1162512 1738138;1162901 1736227;1162488 1733741;1161797 1732790;1160052 1733656;1158911 1733877;1159211 1731560;1159759 1730800;1159150 1730124;1158914 1729668;1156772 1728210;1154415 1728824;1154204 1731429;1153130 1732513;1154173 1734101;1155249 1735726;1155473 1737577;1155960 1738411;1157856 1738662;1157903 1740248;1160206 1740883
울산광역시 울주군 청량읍|18102|302|1160456|1723341|1157091 1728133;1159052 1727759;1160690 1727433;1161195 1726570;1162161 1725809;1162790 1724440;1163774 1723823;1164975 1723213;1166058 1722616;1166586 1721450;1166243 1720678;1165194 1719538;1163806 1719521;1162050 1719783;1159968 1718869;1158613 1718906;1157828 1719441;1158987 1721052;1158681 1722681;1157583 1722820;1156540 1724614;1155062 1725730;1155005 1727264;1157091 1728133
울산광역시 울주군 삼남읍|22317|715.7|1144703|1727427|1146837 1730944;1148752 1729908;1149185 1729132;1148704 1728897;1148319 1728181;1147576 1727819;1146369 1726489;1146064 1725805;1145192 1725137;1144737 1724577;1144634 1723809;1144342 1723641;1144202 1723702;1142538 1724440;1141616 1724867;1140761 1726283;1141031 1727361;1142730 1728513;1143941 1728467;1144751 1729658;1145140 1730389;1145866 1730754;1146614 1731002;1146837 1730944
울산광역시 울주군 서생면|8170|219.5|1164725|1709528|1164364 1713521;1167561 1712192;1167660 1711265;1167617 1710705;1167631 1710632;1167628 1710635;1167610 1710375;1168491 1709623;1169128 1709041;1167617 1707824;1166966 1708331;1166505 1707337;1165385 1706414;1165336 1706221;1165133 1706325;1164255 1705107;1164320 1705154;1164170 1705400;1162849 1706054;1161776 1708188;1160426 1711216;1161430 1712174;1162432 1710868;1164364 1713521
울산광역시 울주군 웅촌면|8724|169.7|1154067|1720377|1155109 1725612;1156540 1724614;1157181 1722492;1158627 1722929;1159366 1722099;1159058 1720924;1157722 1719427;1157491 1718883;1155975 1718272;1155590 1717804;1154504 1716293;1154028 1717224;1153453 1716805;1152897 1716715;1151598 1716486;1150012 1717371;1148436 1718750;1149108 1719446;1149856 1720661;1151356 1721570;1153033 1722178;1154195 1722418;1153520 1724518;1155109 1725612
울산광역시 울주군 두동면|4018|63.8|1154926|1742046|1154606 1748297;1156214 1747221;1157538 1746686;1159457 1744730;1158851 1742297;1158005 1739481;1157644 1738518;1155880 1738208;1153833 1738803;1153215 1737294;1151423 1735733;1149840 1735742;1149162 1736254;1149325 1736951;1150032 1738252;1150644 1739095;1151071 1740456;1152010 1741041;1152231 1741453;1152553 1742834;1153585 1745252;1153579 1746813;1153861 1748022;1154606 1748297
울산광역시 울주군 두서면|3010|38.1|1148795|1743125|1149119 1748717;1152055 1748748;1153110 1748223;1153579 1746813;1153518 1745369;1152246 1743098;1152383 1741503;1152231 1741090;1151408 1740842;1151083 1740117;1150968 1737925;1150021 1738241;1149370 1736991;1149188 1736406;1148690 1736259;1146359 1737936;1143869 1739586;1145636 1741296;1144358 1744178;1144005 1746338;1145346 1746757;1146930 1746993;1147995 1747693;1149119 1748717
울산광역시 울주군 상북면|8089|65.8|1141081|1734204|1144121 1745726;1145345 1742245;1143922 1739643;1144637 1736785;1146923 1734943;1145934 1731920;1145866 1730754;1144890 1729321;1141770 1728310;1138725 1726665;1136665 1726953;1135638 1727670;1134232 1728837;1134965 1731057;1137607 1733173;1137810 1736457;1137163 1737906;1139191 1738539;1140505 1740319;1142906 1739562;1142851 1740448;1142338 1743471;1142435 1744578;1144121 1745726
울산광역시 울주군 삼동면|1707|27.5|1149977|1724509|1153483 1728966;1154743 1728575;1155005 1727264;1154885 1726035;1153639 1724614;1154335 1722557;1152958 1722213;1151356 1721570;1149857 1720658;1149055 1719455;1147779 1719464;1146755 1720996;1145893 1722120;1145700 1723181;1144963 1723512;1144730 1723929;1145175 1725142;1146499 1726310;1147558 1727813;1148646 1728546;1149375 1728159;1150755 1727940;1152351 1728653;1153483 1728966
